0.25000 0.20000 0.00000
0.24996 0.20436 0.00000
0.24985 0.20872 0.00000
0.24966 0.21308 0.00000
0.24939 0.21744 0.00000
0.24905 0.22179 0.00000
0.24863 0.22613 0.00000
0.24814 0.23047 0.00000
0.24757 0.23479 0.00000
0.24692 0.23911 0.00000
0.24620 0.24341 0.00000
0.24541 0.24770 0.00000
0.24454 0.25198 0.00000
0.24359 0.25624 0.00000
0.24257 0.26048 0.00000
0.24148 0.26470 0.00000
0.24032 0.26891 0.00000
0.23908 0.27309 0.00000
0.23776 0.27725 0.00000
0.23638 0.28139 0.00000
0.23492 0.28551 0.00000
0.23340 0.28959 0.00000
0.23180 0.29365 0.00000
0.23013 0.29768 0.00000
0.22839 0.30168 0.00000
0.22658 0.30565 0.00000
0.22470 0.30959 0.00000
0.22275 0.31350 0.00000
0.22074 0.31737 0.00000
0.21865 0.32120 0.00000
0.21651 0.32500 0.00000
0.21429 0.32876 0.00000
0.21201 0.33248 0.00000
0.20967 0.33616 0.00000
0.20726 0.33980 0.00000
0.20479 0.34339 0.00000
0.20225 0.34695 0.00000
0.19966 0.35045 0.00000
0.19700 0.35392 0.00000
0.19429 0.35733 0.00000
0.19151 0.36070 0.00000
0.18868 0.36401 0.00000
0.18579 0.36728 0.00000
0.18284 0.37050 0.00000
0.17983 0.37366 0.00000
0.17678 0.37678 0.00000
0.17366 0.37983 0.00000
0.17050 0.38284 0.00000
0.16728 0.38579 0.00000
0.16401 0.38868 0.00000
0.16070 0.39151 0.00000
0.15733 0.39429 0.00000
0.15392 0.39700 0.00000
0.15045 0.39966 0.00000
0.14695 0.40225 0.00000
0.14339 0.40479 0.00000
0.13980 0.40726 0.00000
0.13616 0.40967 0.00000
0.13248 0.41201 0.00000
0.12876 0.41429 0.00000
0.12500 0.41651 0.00000
0.12120 0.41865 0.00000
0.11737 0.42074 0.00000
0.11350 0.42275 0.00000
0.10959 0.42470 0.00000
0.10565 0.42658 0.00000
0.10168 0.42839 0.00000
0.09768 0.43013 0.00000
0.09365 0.43180 0.00000
0.08959 0.43340 0.00000
0.08551 0.43492 0.00000
0.08139 0.43638 0.00000
0.07725 0.43776 0.00000
0.07309 0.43908 0.00000
0.06891 0.44032 0.00000
0.06470 0.44148 0.00000
0.06048 0.44257 0.00000
0.05624 0.44359 0.00000
0.05198 0.44454 0.00000
0.04770 0.44541 0.00000
0.04341 0.44620 0.00000
0.03911 0.44692 0.00000
0.03479 0.44757 0.00000
0.03047 0.44814 0.00000
0.02613 0.44863 0.00000
0.02179 0.44905 0.00000
0.01744 0.44939 0.00000
0.01308 0.44966 0.00000
0.00872 0.44985 0.00000
0.00436 0.44996 0.00000
0.00000 0.45000 0.00000
-0.00436 0.44996 0.00000
-0.00872 0.44985 0.00000
-0.01308 0.44966 0.00000
-0.01744 0.44939 0.00000
-0.02179 0.44905 0.00000
-0.02613 0.44863 0.00000
-0.03047 0.44814 0.00000
-0.03479 0.44757 0.00000
-0.03911 0.44692 0.00000
-0.04341 0.44620 0.00000
-0.04770 0.44541 0.00000
-0.05198 0.44454 0.00000
-0.05624 0.44359 0.00000
-0.06048 0.44257 0.00000
-0.06470 0.44148 0.00000
-0.06891 0.44032 0.00000
-0.07309 0.43908 0.00000
-0.07725 0.43776 0.00000
-0.08139 0.43638 0.00000
-0.08551 0.43492 0.00000
-0.08959 0.43340 0.00000
-0.09365 0.43180 0.00000
-0.09768 0.43013 0.00000
-0.10168 0.42839 0.00000
-0.10565 0.42658 0.00000
-0.10959 0.42470 0.00000
-0.11350 0.42275 0.00000
-0.11737 0.42074 0.00000
-0.12120 0.41865 0.00000
-0.12500 0.41651 0.00000
-0.12876 0.41429 0.00000
-0.13248 0.41201 0.00000
-0.13616 0.40967 0.00000
-0.13980 0.40726 0.00000
-0.14339 0.40479 0.00000
-0.14695 0.40225 0.00000
-0.15045 0.39966 0.00000
-0.15392 0.39700 0.00000
-0.15733 0.39429 0.00000
-0.16070 0.39151 0.00000
-0.16401 0.38868 0.00000
-0.16728 0.38579 0.00000
-0.17050 0.38284 0.00000
-0.17366 0.37983 0.00000
-0.17678 0.37678 0.00000
-0.17983 0.37366 0.00000
-0.18284 0.37050 0.00000
-0.18579 0.36728 0.00000
-0.18868 0.36401 0.00000
-0.19151 0.36070 0.00000
-0.19429 0.35733 0.00000
-0.19700 0.35392 0.00000
-0.19966 0.35045 0.00000
-0.20225 0.34695 0.00000
-0.20479 0.34339 0.00000
-0.20726 0.33980 0.00000
-0.20967 0.33616 0.00000
-0.21201 0.33248 0.00000
-0.21429 0.32876 0.00000
-0.21651 0.32500 0.00000
-0.21865 0.32120 0.00000
-0.22074 0.31737 0.00000
-0.22275 0.31350 0.00000
-0.22470 0.30959 0.00000
-0.22658 0.30565 0.00000
-0.22839 0.30168 0.00000
-0.23013 0.29768 0.00000
-0.23180 0.29365 0.00000
-0.23340 0.28959 0.00000
-0.23492 0.28551 0.00000
-0.23638 0.28139 0.00000
-0.23776 0.27725 0.00000
-0.23908 0.27309 0.00000
-0.24032 0.26891 0.00000
-0.24148 0.26470 0.00000
-0.24257 0.26048 0.00000
-0.24359 0.25624 0.00000
-0.24454 0.25198 0.00000
-0.24541 0.24770 0.00000
-0.24620 0.24341 0.00000
-0.24692 0.23911 0.00000
-0.24757 0.23479 0.00000
-0.24814 0.23047 0.00000
-0.24863 0.22613 0.00000
-0.24905 0.22179 0.00000
-0.24939 0.21744 0.00000
-0.24966 0.21308 0.00000
-0.24985 0.20872 0.00000
-0.24996 0.20436 0.00000
-0.25000 0.20000 0.00000
-0.24996 0.19564 0.00000
-0.24985 0.19128 0.00000
-0.24966 0.18692 0.00000
-0.24939 0.18256 0.00000
-0.24905 0.17821 0.00000
-0.24863 0.17387 0.00000
-0.24814 0.16953 0.00000
-0.24757 0.16521 0.00000
-0.24692 0.16089 0.00000
-0.24620 0.15659 0.00000
-0.24541 0.15230 0.00000
-0.24454 0.14802 0.00000
-0.24359 0.14376 0.00000
-0.24257 0.13952 0.00000
-0.24148 0.13530 0.00000
-0.24032 0.13109 0.00000
-0.23908 0.12691 0.00000
-0.23776 0.12275 0.00000
-0.23638 0.11861 0.00000
-0.23492 0.11449 0.00000
-0.23340 0.11041 0.00000
-0.23180 0.10635 0.00000
-0.23013 0.10232 0.00000
-0.22839 0.09832 0.00000
-0.22658 0.09435 0.00000
-0.22470 0.09041 0.00000
-0.22275 0.08650 0.00000
-0.22074 0.08263 0.00000
-0.21865 0.07880 0.00000
-0.21651 0.07500 0.00000
-0.21429 0.07124 0.00000
-0.21201 0.06752 0.00000
-0.20967 0.06384 0.00000
-0.20726 0.06020 0.00000
-0.20479 0.05661 0.00000
-0.20225 0.05305 0.00000
-0.19966 0.04955 0.00000
-0.19700 0.04608 0.00000
-0.19429 0.04267 0.00000
-0.19151 0.03930 0.00000
-0.18868 0.03599 0.00000
-0.18579 0.03272 0.00000
-0.18284 0.02950 0.00000
-0.17983 0.02634 0.00000
-0.17678 0.02322 0.00000
-0.17366 0.02017 0.00000
-0.17050 0.01716 0.00000
-0.16728 0.01421 0.00000
-0.16401 0.01132 0.00000
-0.16070 0.00849 0.00000
-0.15733 0.00571 0.00000
-0.15392 0.00300 0.00000
-0.15045 0.00034 0.00000
-0.14695 -0.00225 0.00000
-0.14339 -0.00479 0.00000
-0.13980 -0.00726 0.00000
-0.13616 -0.00967 0.00000
-0.13248 -0.01201 0.00000
-0.12876 -0.01429 0.00000
-0.12500 -0.01651 0.00000
-0.12120 -0.01865 0.00000
-0.11737 -0.02074 0.00000
-0.11350 -0.02275 0.00000
-0.10959 -0.02470 0.00000
-0.10565 -0.02658 0.00000
-0.10168 -0.02839 0.00000
-0.09768 -0.03013 0.00000
-0.09365 -0.03180 0.00000
-0.08959 -0.03340 0.00000
-0.08551 -0.03492 0.00000
-0.08139 -0.03638 0.00000
-0.07725 -0.03776 0.00000
-0.07309 -0.03908 0.00000
-0.06891 -0.04032 0.00000
-0.06470 -0.04148 0.00000
-0.06048 -0.04257 0.00000
-0.05624 -0.04359 0.00000
-0.05198 -0.04454 0.00000
-0.04770 -0.04541 0.00000
-0.04341 -0.04620 0.00000
-0.03911 -0.04692 0.00000
-0.03479 -0.04757 0.00000
-0.03047 -0.04814 0.00000
-0.02613 -0.04863 0.00000
-0.02179 -0.04905 0.00000
-0.01744 -0.04939 0.00000
-0.01308 -0.04966 0.00000
-0.00872 -0.04985 0.00000
-0.00436 -0.04996 0.00000
-0.00000 -0.05000 0.00000
0.00436 -0.04996 0.00000
0.00872 -0.04985 0.00000
0.01308 -0.04966 0.00000
0.01744 -0.04939 0.00000
0.02179 -0.04905 0.00000
0.02613 -0.04863 0.00000
0.03047 -0.04814 0.00000
0.03479 -0.04757 0.00000
0.03911 -0.04692 0.00000
0.04341 -0.04620 0.00000
0.04770 -0.04541 0.00000
0.05198 -0.04454 0.00000
0.05624 -0.04359 0.00000
0.06048 -0.04257 0.00000
0.06470 -0.04148 0.00000
0.06891 -0.04032 0.00000
0.07309 -0.03908 0.00000
0.07725 -0.03776 0.00000
0.08139 -0.03638 0.00000
0.08551 -0.03492 0.00000
0.08959 -0.03340 0.00000
0.09365 -0.03180 0.00000
0.09768 -0.03013 0.00000
0.10168 -0.02839 0.00000
0.10565 -0.02658 0.00000
0.10959 -0.02470 0.00000
0.11350 -0.02275 0.00000
0.11737 -0.02074 0.00000
0.12120 -0.01865 0.00000
0.12500 -0.01651 0.00000
0.12876 -0.01429 0.00000
0.13248 -0.01201 0.00000
0.13616 -0.00967 0.00000
0.13980 -0.00726 0.00000
0.14339 -0.00479 0.00000
0.14695 -0.00225 0.00000
0.15045 0.00034 0.00000
0.15392 0.00300 0.00000
0.15733 0.00571 0.00000
0.16070 0.00849 0.00000
0.16401 0.01132 0.00000
0.16728 0.01421 0.00000
0.17050 0.01716 0.00000
0.17366 0.02017 0.00000
0.17678 0.02322 0.00000
0.17983 0.02634 0.00000
0.18284 0.02950 0.00000
0.18579 0.03272 0.00000
0.18868 0.03599 0.00000
0.19151 0.03930 0.00000
0.19429 0.04267 0.00000
0.19700 0.04608 0.00000
0.19966 0.04955 0.00000
0.20225 0.05305 0.00000
0.20479 0.05661 0.00000
0.20726 0.06020 0.00000
0.20967 0.06384 0.00000
0.21201 0.06752 0.00000
0.21429 0.07124 0.00000
0.21651 0.07500 0.00000
0.21865 0.07880 0.00000
0.22074 0.08263 0.00000
0.22275 0.08650 0.00000
0.22470 0.09041 0.00000
0.22658 0.09435 0.00000
0.22839 0.09832 0.00000
0.23013 0.10232 0.00000
0.23180 0.10635 0.00000
0.23340 0.11041 0.00000
0.23492 0.11449 0.00000
0.23638 0.11861 0.00000
0.23776 0.12275 0.00000
0.23908 0.12691 0.00000
0.24032 0.13109 0.00000
0.24148 0.13530 0.00000
0.24257 0.13952 0.00000
0.24359 0.14376 0.00000
0.24454 0.14802 0.00000
0.24541 0.15230 0.00000
0.24620 0.15659 0.00000
0.24692 0.16089 0.00000
0.24757 0.16521 0.00000
0.24814 0.16953 0.00000
0.24863 0.17387 0.00000
0.24905 0.17821 0.00000
0.24939 0.18256 0.00000
0.24966 0.18692 0.00000
0.24985 0.19128 0.00000
0.24996 0.19564 0.00000
